430
8351
7493
4561
6671
3165
1778
5244
5225
629
9675
4087
6050
1375
9573
5484
839
2972
8692
6829
4874
1544
2308
9871
7676
8134
2710
2424
3481
5874
3351
2682
8162
7512
8270
5675
2053
6999
99
4652
9884
5463
6063
825
143
8435
5365
9519
1825
735
1515
6157
2541
6919
6302
1972
4215
844
2313
9643
4740
9562
6168
9869
3314
8301
1226
9963
7278
4760
8791
5506
696
8555
4620
8941
7784
7410
737
8330
8349
8872
8904
6594
1992
915
8136
110
8534
9316
1137
9867
1909
5884
3862
7353
8468
4879
8564
7046
1726
9576
1634
3948
4587
4956
3786
226
5338
9480
8465
626
9115
971
6617
6293
7269
5593
7793
8926
9712
2368
9010
2403
9767
9806
8609
4091
9888
7167
1288
544
7540
5312
866
5542
1494
7970
2334
5413
9880
6482
4807
40
3018
8701
6118
6023
9214
1721
4644
1064
7767
4131
8117
2813
6314
3848
3304
5141
1725
6322
3827
280
5512
4840
6502
1197
3354
2525
8769
3380
2509
4031
2967
8442
7500
7475
6499
4843
6985
7193
2286
1946
1730
4212
6114
2586
1248
614
6929
2227
617
4463
8350
5458
6997
1380
1517
3637
9601
308
7113
6420
4004
4809
3435
8689
6123
1674
5527
9804
9981
8413
5602
8746
7037
228
1859
1918
1178
210
2874
8567
2900
3225
81
121
8255
6011
2747
9210
7461
462
5108
2252
5655
3523
4274
1393
1604
2450
6364
1976
2108
3834
2411
8852
8081
7104
6704
6834
9176
824
7669
3586
1084
5764
124
4913
2562
8727
1846
7188
304
1788
9348
4957
4367
2590
2289
60
197
8469
4022
9438
9994
5409
5670
6712
2907
7414
3233
6246
493
6578
7972
1982
5184
2243
3923
5319
3897
8620
6265
2851
996
9893
1562
9829
8802
6970
669
4993
4932
9337
7032
4244
8586
2405
6386
3891
9476
9960
5674
8292
9291
3813
5854
9743
2366
5551
3055
2142
272
8674
1331
6046
6635
6921
1312
2064
5249
2656
3454
9365
8706
1470
3377
7765
3811
4135
1857
8407
861
1822
4056
6612
925
1599
75
7963
6780
8192
8524
4592
2079
979
9195
3816
5776
6166
8655
5290
4998
8836
2299
4875
4379
8522
5153
7244
8022
6779
8503
4608
9431
4021
9750
9435
5125
3128
3118
5980
6791
6013
2668
8043
5950
6491
6534
7532
5278
8353
7266
5360
6108
1609
3605
9729
6503
3280
5236
2232
4926
2730
5889
8072
4018
249
7314
716
6946
4234
3405
1514
6175
7889
9250
4100
3092
4888
5875
9554
5930
9652
8142
8761
180
7187
401
281
4304
3258
9925
8002
9689
5607
3309
9395
7739
5364
2365
6888
8598
2196
4960
8071
4597
776
644
7980
7859
6062
3250
1146
6709
447
2580
9798
6559
1229
9851
8252
6330
8988
9510
8772
4346
8474
4353
5942
4409
6094
6685
8452
894
1817
1872
650
7529
2928
3476
3336
8583
5432
5005
158
8594
1354
922
2791
3760
8582
3613
2451
14
7440
4493
6512
